45 83
45 108
49 133
53 158
62 181
74 202
89 221
109 235
132 239
156 236
176 222
193 205
206 183
216 159
220 134
222 108
221 81
57 85
69 76
86 76
102 81
117 88
135 87
151 80
167 75
184 75
198 83
126 99
126 116
126 135
126 153
107 155
116 160
126 164
138 160
148 156
73 92
82 86
95 87
105 97
93 98
81 98
149 97
159 87
171 86
181 91
173 97
160 98
93 179
108 179
119 179
128 181
137 180
150 180
165 179
150 194
138 200
128 201
118 199
107 194
99 181
118 184
128 185
137 184
160 181
137 189
128 189
118 188
