29 97
32 121
35 144
39 168
47 189
62 206
85 217
109 225
133 227
156 223
177 213
194 198
204 178
209 157
211 135
214 114
215 91
55 73
67 62
83 57
100 59
115 67
144 66
158 59
175 57
190 62
199 74
131 85
132 101
133 116
135 131
117 143
125 146
134 148
142 146
148 142
73 90
84 83
97 83
108 92
96 96
83 96
149 92
161 83
173 83
183 90
174 96
161 96
100 176
113 168
126 163
134 165
141 163
151 166
160 173
152 180
142 185
134 186
126 186
113 182
106 175
126 172
134 172
142 171
155 173
142 172
134 173
126 173
