45 83
46 104
48 126
51 147
55 167
65 185
80 199
100 209
125 212
149 210
172 200
193 188
207 171
214 150
217 127
217 104
216 81
58 78
68 68
83 65
98 67
114 73
139 73
154 67
170 64
187 67
199 76
126 88
126 103
126 117
126 131
106 137
116 140
126 143
136 141
146 137
74 89
84 84
95 85
105 92
94 93
83 92
150 92
161 86
172 85
181 90
173 92
162 92
91 162
103 155
115 152
126 154
137 152
149 154
161 160
149 167
137 171
125 172
114 171
102 168
96 161
114 161
125 161
137 160
156 160
137 160
125 161
114 160
