27 107
30 128
32 149
36 170
47 189
65 202
89 208
114 213
138 214
160 209
175 199
189 187
199 172
203 154
204 135
203 118
201 101
56 78
69 66
86 60
104 60
122 64
143 66
158 62
173 61
187 67
194 80
134 82
136 91
139 99
142 109
117 128
129 128
139 129
148 128
156 127
74 91
84 87
95 86
106 91
95 92
85 93
151 91
162 86
172 87
181 91
172 92
162 92
96 157
112 147
128 142
139 143
150 141
161 145
170 155
161 165
151 170
140 171
128 170
112 166
101 157
128 149
139 149
150 149
166 155
150 158
140 160
129 159
