143 2125
142 2140
143 2156
146 2171
151 2186
157 2200
166 2212
175 2222
186 2225
200 2222
213 2215
224 2204
234 2192
243 2179
250 2164
254 2148
257 2130
148 2120
155 2115
163 2115
172 2118
179 2122
198 2122
208 2118
218 2116
228 2117
236 2121
187 2134
185 2145
184 2156
183 2168
173 2171
177 2174
183 2176
190 2174
196 2172
156 2133
162 2132
169 2132
175 2135
168 2136
162 2136
204 2134
210 2132
217 2132
224 2134
218 2136
211 2136
167 2187
172 2185
179 2185
184 2186
189 2185
198 2186
208 2188
199 2200
189 2205
184 2205
178 2204
171 2199
170 2188
179 2189
184 2189
189 2189
204 2189
189 2196
184 2197
179 2196
