45 84
44 106
46 128
49 151
56 173
69 193
87 210
107 225
129 229
152 224
168 209
182 191
192 172
197 151
199 130
201 110
199 90
56 77
67 65
84 61
101 62
117 68
143 68
158 63
174 61
189 66
196 78
131 85
132 100
133 115
133 132
112 139
122 142
132 146
141 142
150 140
75 90
85 86
95 86
106 90
95 93
85 93
151 91
161 86
172 86
181 90
172 93
162 93
88 163
103 159
119 157
131 160
141 158
156 160
167 166
156 185
142 193
130 194
118 193
102 183
94 165
119 166
131 168
142 167
161 168
142 178
130 180
118 178
