42 90
44 114
48 138
52 161
60 183
73 203
87 223
105 238
127 243
151 236
169 219
185 200
199 179
207 157
212 133
215 109
218 84
56 83
67 72
82 68
99 69
115 73
139 73
155 68
172 67
188 71
201 81
127 88
126 104
126 120
125 137
106 148
115 151
125 153
135 150
144 147
74 91
84 86
94 85
104 92
94 93
84 94
151 91
161 85
172 85
182 89
173 93
162 93
90 180
102 175
114 171
124 174
133 171
147 173
162 177
147 186
135 191
125 193
115 192
102 188
95 180
114 180
124 181
134 180
156 178
134 180
124 181
115 181
