28 104
30 127
32 151
37 172
47 191
65 205
87 214
110 220
134 221
158 219
179 210
196 196
207 178
214 158
216 137
216 116
215 94
57 76
69 65
86 60
103 62
121 66
142 68
158 64
174 63
189 68
199 80
132 84
134 99
136 114
138 129
117 136
126 139
136 142
145 139
154 135
75 92
85 86
95 86
107 90
96 93
85 94
153 90
162 86
172 87
181 92
172 93
162 93
95 167
113 162
128 157
139 160
149 156
161 160
173 165
161 173
149 176
139 177
128 176
112 174
101 168
128 163
138 164
149 163
168 166
149 165
139 166
128 165
