41 98
43 120
45 140
48 162
53 183
64 201
82 214
103 223
128 225
153 222
172 213
188 200
197 181
202 160
203 139
205 120
206 99
58 78
68 65
86 62
103 67
120 73
139 73
156 67
171 63
187 66
195 78
129 85
129 99
129 112
129 126
113 140
121 142
129 144
137 142
145 140
75 91
84 85
95 84
105 90
95 93
84 94
152 89
161 84
172 84
180 90
173 93
162 92
101 173
111 163
121 159
130 161
139 160
149 164
158 172
148 174
139 176
129 176
120 176
110 174
105 171
121 166
130 167
139 167
154 170
139 166
129 167
120 166
