53 88
54 110
58 133
62 155
66 176
76 195
90 211
105 224
126 228
149 226
170 215
190 200
205 180
212 157
216 132
219 107
220 80
61 74
70 66
85 67
98 70
112 76
133 76
152 71
168 66
187 65
201 74
123 90
122 106
120 122
119 139
108 148
114 152
122 155
130 152
138 149
75 90
83 84
95 85
105 91
94 94
83 95
151 92
160 85
172 85
181 90
173 94
162 94
97 180
106 172
115 170
124 173
133 170
144 173
155 178
144 183
134 186
123 187
114 186
105 184
101 179
115 176
124 178
133 177
150 177
133 176
123 177
114 175
