27 92
30 116
35 140
41 163
50 184
66 202
88 216
111 229
132 233
152 228
170 215
187 200
200 182
207 161
210 138
212 115
214 92
50 79
62 67
79 61
97 63
114 69
146 70
161 64
177 62
192 66
201 78
131 88
132 102
133 116
134 129
114 138
123 141
132 144
140 142
148 140
75 91
85 85
96 85
105 92
95 93
85 93
152 92
161 86
172 86
180 91
172 93
162 93
90 164
106 158
121 155
131 157
140 156
153 159
166 165
154 180
142 186
131 187
120 186
105 179
94 165
120 162
130 163
140 162
161 166
141 176
131 176
121 175
