55 90
53 114
55 138
60 161
69 183
80 205
94 225
110 242
131 246
155 241
176 225
197 207
216 188
230 165
236 138
237 108
236 79
60 78
67 66
81 63
97 64
111 69
136 67
153 60
171 57
189 59
202 69
125 89
124 104
123 120
123 137
104 145
114 148
124 150
136 147
147 143
78 93
87 87
99 86
108 94
98 97
87 97
150 92
161 83
173 82
184 86
175 92
162 93
94 174
103 168
114 165
123 167
132 164
147 166
162 173
147 187
133 195
123 196
114 196
103 190
99 175
114 172
123 173
133 171
155 173
132 181
123 183
114 183
