40 87
42 111
45 133
51 154
61 172
75 189
90 204
108 216
127 219
145 216
161 204
173 189
185 173
191 154
195 134
199 113
201 92
57 70
71 62
87 62
103 64
118 70
146 70
160 65
174 63
188 65
198 73
131 89
130 108
130 126
130 144
112 147
121 150
131 154
139 150
147 145
74 89
85 84
97 85
108 94
96 96
84 95
150 94
160 85
172 84
182 90
173 95
161 96
90 161
104 159
118 158
130 160
140 158
152 158
163 160
153 178
141 187
130 188
118 187
103 179
95 162
118 164
130 166
140 164
158 162
140 176
130 178
118 177
