23 104
27 132
31 159
37 185
49 208
68 228
88 245
111 256
136 258
158 251
171 233
182 213
191 192
196 170
199 148
201 126
202 103
50 88
63 71
82 63
104 62
124 68
143 69
159 63
176 64
191 71
197 87
134 85
136 97
138 109
140 122
117 140
127 141
137 143
146 141
154 138
73 93
83 84
95 83
106 91
96 94
83 96
150 92
160 83
172 84
181 91
172 94
160 94
94 184
108 167
126 160
137 162
147 160
159 165
166 179
160 199
148 209
137 210
124 210
107 203
99 183
125 168
137 168
147 167
160 179
147 196
136 199
125 198
